0.3358377516269684
0.2908225655555725
0.21425402164459229
0.2185317873954773
0.14762184023857117
0.22890067100524902
0.580858588218689
0.24427933990955353
0.5538327693939209
0.3648484945297241
0.19848352670669556
0.29114997386932373
0.5249633193016052
0.36029088497161865
0.2519734799861908
0.2378471940755844
0.15561610460281372
0.16262272000312805
0.2062520980834961
0.22592619061470032
0.25175759196281433
0.12098553031682968
0.3253633379936218
0.16833679378032684
0.18168245255947113
0.22844038903713226
0.21802228689193726
0.13893622159957886
0.23970741033554077
0.27164196968078613
0.23967619240283966
0.21362681686878204
0.6670145392417908
0.2101210206747055
0.49541616439819336
0.29121387004852295
0.18557921051979065
0.21895523369312286
0.29152512550354004
0.4658846855163574
0.17432472109794617
0.2710096836090088
0.3465089201927185
0.6926926970481873
0.2015657275915146
0.26281416416168213
0.17995518445968628
0.8271495699882507
0.2902924418449402
0.35904186964035034
0.1765187680721283
0.16929292678833008
0.1274958848953247
0.2866082191467285
0.1789964735507965
0.16846370697021484
0.34199798107147217
0.2597499489784241
0.3720693588256836
0.11805885285139084
0.32663869857788086
0.5597594976425171
0.336284875869751
0.19944317638874054
0.20140942931175232
0.1884998083114624
0.13625359535217285
0.26898249983787537
0.1544041484594345
0.17948392033576965
0.4596649408340454
0.34815990924835205
0.10493378341197968
0.20578250288963318
0.3138367533683777
0.37565797567367554
0.1466049700975418
0.23173633217811584
0.2816377878189087
0.1267234981060028
0.2235759198665619
0.30464667081832886
0.20896153151988983
0.18630576133728027
0.3344758152961731
0.12477804720401764
0.1804015338420868
0.6233131885528564
0.29211369156837463
0.356803834438324
0.22869625687599182
0.22676002979278564
0.7533184289932251
0.326923668384552
0.586398184299469
0.32276540994644165
0.2726527452468872
0.2888946235179901
0.34488922357559204
0.1902143955230713
0.22358644008636475
0.1281641274690628
0.28724759817123413
0.493760347366333
0.2794709801673889
0.32115697860717773
0.3024710714817047
0.3028888702392578
0.22184981405735016
0.2211170345544815
0.19060266017913818
0.37957966327667236
0.18343335390090942
0.2163907289505005
0.212238609790802
0.291604220867157
0.3664807677268982
0.3306124210357666
0.7238026857376099
0.3071267604827881
0.2826395630836487
0.3126339912414551
0.367127001285553
0.1989380568265915
0.37159961462020874
0.23426246643066406
0.4607517719268799
0.2438611388206482
0.23681269586086273
0.20228075981140137
0.22255857288837433
0.22336547076702118
0.2533700466156006
0.3010181188583374
0.11769452691078186
0.2616107761859894
0.3710229694843292
0.25608351826667786
0.20719373226165771
0.24333634972572327
0.19655723869800568
0.4199386239051819
0.39110517501831055
0.18020713329315186
0.18079181015491486
0.2898927927017212
0.20601096749305725
0.6770395636558533
0.3905665874481201
0.2092588245868683
0.31500735878944397
0.33846399188041687
0.21727147698402405
0.3725751042366028
0.3579741418361664
0.4642014503479004
0.22348500788211823
0.2149743139743805
0.2228473275899887
0.2698022127151489
0.23986220359802246
0.24517077207565308
0.26705923676490784
0.1611849069595337
0.2997504472732544
0.12683963775634766
0.35224103927612305
0.26898282766342163
0.15929941833019257
0.23411652445793152
0.2726302146911621
0.49588650465011597
0.14909525215625763
0.11988663673400879
0.28946352005004883
0.21199536323547363
0.17432591319084167
0.12159554660320282
0.18225103616714478
0.28948426246643066
0.3058472275733948
0.3112139105796814
0.3268650770187378
0.35501229763031006
0.17902661859989166
0.17784461379051208
0.5500774383544922
0.20293650031089783
0.6305052042007446
0.2762148976325989
0.38460785150527954
0.19550931453704834
0.2616497576236725
0.3592565655708313
0.1647758185863495
0.3497936725616455
0.2839374542236328
0.48092859983444214
0.15087111294269562
0.32982099056243896
0.1490534394979477
0.2608703076839447
0.13831934332847595
0.26375463604927063
0.3038311004638672
0.21519365906715393
0.22553984820842743
0.2394312620162964
0.18749666213989258
0.31621435284614563
0.308840811252594
0.2049475908279419
0.20483648777008057
0.18817675113677979
0.6533723473548889
0.2605545222759247
0.19505435228347778
0.20989227294921875
0.24108938872814178
0.29699474573135376
0.7288445830345154
0.22915524244308472
0.33580613136291504
0.4106927514076233
0.4154384136199951
0.22483190894126892
0.3045567274093628
0.17481392621994019
0.302528440952301
0.32433080673217773
0.24926912784576416
0.22186726331710815
0.2537410259246826
0.2899443507194519
0.2782016396522522
0.19313779473304749
0.15778225660324097
0.21920669078826904
0.22699721157550812
0.13944871723651886
0.5598683953285217
0.22834530472755432
0.3213852047920227
0.3064725995063782
0.3502638339996338
0.2414926141500473
0.22119444608688354
0.2042534053325653
0.2662322223186493
0.47920137643814087
0.2913019061088562
0.775132954120636
0.40963882207870483
0.2554081082344055
0.14689940214157104
0.29470014572143555
0.3067846894264221
0.3167926073074341
0.31371307373046875
0.2695239782333374
0.26996058225631714
0.11158280074596405
0.19830827414989471
0.22055847942829132
0.23626473546028137
0.4412386417388916
0.313454806804657
0.23829537630081177
0.2241802215576172
0.20353370904922485
0.2634006142616272
0.36876124143600464
0.20882226526737213
0.3380618691444397
0.25294503569602966
0.2613338828086853
0.1734170913696289
0.324396550655365
0.6579040884971619
0.26156091690063477
0.14589974284172058
0.2678075432777405
0.25352898240089417
0.1673358678817749
0.229482501745224
0.319108784198761
0.17238718271255493
0.34994828701019287
0.33124643564224243
0.29501262307167053
0.5419983863830566
0.2802230715751648
0.11137785017490387
0.2686842679977417
0.26968562602996826
0.31463563442230225
0.3259470760822296
0.2614492177963257
0.23985108733177185
0.6077204346656799
0.2562318742275238
0.2858436107635498
0.27153098583221436
0.24659590423107147
0.7956417798995972
0.8768165707588196
0.205495223402977
0.3421742916107178
0.2662290334701538
0.6192878484725952
0.6981641054153442
0.3182327151298523
0.19956274330615997
0.2766428589820862
0.23171523213386536
0.2502835988998413
0.19820240139961243
0.3055882453918457
0.4091355800628662
0.20175069570541382
0.3082094192504883
0.16962949931621552
0.3058314025402069
0.13499411940574646
0.176255002617836
0.28840357065200806
0.2548719644546509
0.42250263690948486
0.34547582268714905
0.1673804223537445
0.16849985718727112
0.1860109120607376
0.24283765256404877
0.21535925567150116
0.22123125195503235
0.3530580401420593
0.4299967288970947
0.15740422904491425
0.2565620541572571
0.2679452896118164
0.22333496809005737
0.32925891876220703
0.19529251754283905
0.37871623039245605
0.2328309863805771
0.27052396535873413
0.30813950300216675
0.3558896780014038
0.2732624411582947
0.204674631357193
0.19068022072315216
0.2276477962732315
0.27537065744400024
0.3278917670249939
0.19671015441417694
0.5895320773124695
0.12051039189100266
0.20910301804542542
0.6044407486915588
0.20434334874153137
0.3286091089248657
0.35333722829818726
0.3910430371761322
0.2548040747642517
0.1843278706073761
0.38629150390625
0.3795384168624878
0.2483651041984558
0.14929503202438354
0.26299309730529785
0.22556239366531372
0.15916547179222107
0.23772218823432922
0.10711046308279037
0.31549233198165894
0.15909698605537415
0.37770876288414
0.24433666467666626
0.18143826723098755
0.4945135712623596
0.14425909519195557
0.1879187524318695
0.18644875288009644
0.2786285877227783
0.23122145235538483
0.18689262866973877
0.5108259320259094
0.22056713700294495
0.29069918394088745
0.18988308310508728
0.23168617486953735
0.2836691737174988
0.6211872696876526
0.3010638356208801
0.15290232002735138
0.3014978766441345
0.20053628087043762
0.5959515571594238
0.17684558033943176
0.2619413435459137
0.22509993612766266
0.3935781717300415
0.27784889936447144
0.4219805598258972
0.15622438490390778
0.2385730743408203
0.23228980600833893
0.17850811779499054
0.355302095413208
0.2014142870903015
0.33878064155578613
0.23189938068389893
0.11826438456773758
0.3059145510196686
0.36344772577285767
0.35674262046813965
0.24388273060321808
0.24903732538223267
0.16055893898010254
0.13796734809875488
0.2925236225128174
0.1612870693206787
0.14101743698120117
0.2563958764076233
0.33419376611709595
0.6498477458953857
0.21502317488193512
0.3043220639228821
0.3133229613304138
0.2535538077354431
0.0968904048204422
0.26021432876586914
0.1894533485174179
0.2657254636287689
0.19365127384662628
0.1619802713394165
0.3034815788269043
0.2344958335161209
0.3595464825630188
0.314037024974823
0.5316237807273865
0.1958765983581543
0.2996053099632263
0.38590484857559204
0.2788541913032532
0.19691118597984314
0.2496541440486908
0.26009708642959595
0.12682664394378662
0.21192997694015503
0.2764454483985901
0.2312239706516266
0.5423546433448792
0.29205322265625
0.20532597601413727
0.44727790355682373
0.20223955810070038
0.15121260285377502
0.3974275588989258
0.2347124218940735
0.1852874606847763
0.22311843931674957
0.24493266642093658
0.28431838750839233
0.2790372371673584
0.3697788119316101
0.3229270577430725
0.16975148022174835
0.17262214422225952
0.2739872634410858
0.2893916964530945
0.22306738793849945
0.2695986330509186
0.1910962462425232
0.3264372944831848
0.19790737330913544
0.35666990280151367
0.307288259267807
0.2897232174873352
0.19550666213035583
