57
41
22
34
41
56
28
72
51
22
33
23
22
53
30
25
58
41
22
33
18
31
50
26
36
20
20
74
22
29
24
34
62
43
57
86
38
61
24
36
18
24
59
20
24
47
24
25
29
34
61
27
22
58
24
23
20
51
45
32
21
45
35
33
60
22
27
22
25
34
37
31
24
61
25
21
36
31
26
27
41
63
21
52
38
26
16
19
26
39
44
25
33
47
22
22
23
21
18
30
51
20
44
61
20
32
24
36
30
62
53
25
18
28
61
64
38
22
78
57
38
61
19
93
46
39
29
64
34
43
15
34
33
38
41
26
22
23
63
18
26
36
64
57
22
44
36
19
18
29
31
19
63
23
36
42
66
20
38
28
51
17
47
22
43
29
58
19
21
26
29
20
27
18
26
52
17
17
28
32
25
41
19
29
35
58
16
41
48
52
25
23
25
21
31
36
28
38
26
21
61
20
27
58
32
18
18
43
20
18
26
38
33
45
69
24
71
58
21
30
40
27
61
32
50
27
29
91
25
47
19
29
91
57
69
22
59
25
54
25
49
54
61
21
72
50
22
35
20
59
55
20
22
44
36
63
51
51
41
25
30
62
31
102
30
59
48
24
25
66
25
17
90
23
42
30
29
32
35
58
56
31
30
60
41
26
42
20
44
32
31
26
53
61
36
48
38
37
29
26
33
39
47
16
32
60
17
23
25
53
24
44
69
22
57
34
32
28
29
55
44
35
30
55
47
30
18
34
26
33
63
29
32
38
18
38
22
35
60
22
23
46
58
22
37
73
80
22
27
54
27
13
45
25
34
102
40
45
34
22
55
48
24
41
55
54
44
24
25
39
17
63
41
20
44
33
25
80
25
48
47
29
22
29
20
54
54
20
44
24
17
28
27
31
47
30
23
51
22
51
25
35
33
65
71
20
52
38
78
22
34
41
62
20
35
53
18
29
57
25
31
28
27
22
22
18
58
30
15
18
58
42
21
33
32
38
29
50
65
33
23
33
19
25
40
22
17
24
81
67
91
36
19
34
30
16
39
36
29
22
56
46
39
48
18
