14
17
20
21
16
20
13
9
20
14
14
12
11
11
18
16
17
15
14
30
22
11
11
12
14
19
25
15
20
13
20
16
16
15
14
23
11
14
26
7
21
12
9
15
14
15
14
10
18
19
14
10
11
21
14
20
14
16
14
14
15
19
15
11
24
21
17
13
13
9
12
5
15
11
14
22
9
14
11
14
14
14
18
20
11
10
19
13
14
17
10
14
31
14
15
18
9
11
15
25
15
11
12
11
12
11
16
17
15
20
20
12
14
18
16
17
28
19
11
19
19
12
19
19
15
21
24
18
14
20
12
18
13
22
12
16
12
16
16
22
25
15
11
15
17
22
18
12
19
15
13
16
20
13
18
24
18
19
16
26
13
18
18
19
11
15
25
11
29
10
14
11
17
17
11
23
17
18
14
19
20
19
18
11
21
16
11
21
26
18
11
14
12
20
19
17
22
18
13
11
12
11
17
10
16
17
13
18
11
19
17
18
16
12
11
7
17
17
18
14
17
11
20
17
19
13
13
14
7
16
22
15
15
13
22
18
15
15
9
12
13
18
12
14
13
11
11
14
18
19
16
12
17
18
19
15
16
20
14
13
15
12
19
20
15
11
23
14
21
9
28
14
12
16
19
17
16
17
16
16
18
17
15
10
17
9
13
16
22
19
11
14
15
21
17
13
23
14
20
12
11
10
17
18
17
20
14
18
13
18
17
11
11
15
22
18
11
13
15
13
15
17
17
18
18
11
18
13
13
13
19
15
32
12
11
10
12
15
17
21
12
16
17
17
16
20
13
9
17
18
15
14
20
17
17
20
16
17
15
20
14
10
9
16
16
19
11
20
15
19
19
14
14
23
16
22
18
22
15
19
14
12
18
18
17
13
18
19
15
18
14
13
19
17
11
9
18
18
14
14
17
12
19
6
17
16
11
14
21
17
23
13
10
14
19
25
15
24
8
16
15
18
11
20
19
11
9
15
9
19
21
19
30
12
8
14
14
16
18
16
13
19
16
23
19
20
17
11
18
13
24
17
11
9
16
12
11
11
14
15
15
18
18
22
13
11
19
15
21
