0.36
0.57
0.54
0.34
0.32
0.95
0.35
0.41
0.37
0.3
0.27
0.21
0.25
0.34
0.38
0.73
0.31
0.68
0.23
0.58
0.39
0.25
0.29
0.34
0.47
0.32
0.51
0.65
0.71
0.65
0.54
0.37
0.57
0.65
0.38
0.59
0.26
0.74
0.31
0.27
0.34
0.5
0.41
0.83
0.7
0.25
0.82
0.48
0.39
0.95
0.52
0.4
0.32
0.34
0.37
0.91
0.44
0.7
0.48
0.58
0.25
1.27
0.28
0.61
0.43
0.55
0.53
0.65
0.65
0.35
0.24
0.42
0.45
0.26
0.56
0.85
0.38
0.44
0.61
0.44
0.45
0.7
0.67
0.5
0.58
0.13
0.54
0.25
0.27
0.68
0.32
0.54
0.89
0.27
0.39
0.41
0.15
0.52
0.25
0.74
0.43
0.42
0.15
0.22
0.6
0.35
0.27
0.57
0.47
0.87
0.44
0.41
0.23
0.26
0.76
1.13
1.0
0.37
0.44
0.4
1.12
0.21
0.54
0.4
0.34
0.62
0.52
1.12
0.36
0.38
0.5
0.53
0.29
0.71
0.34
0.36
0.29
0.18
0.64
0.36
0.46
0.52
0.39
0.33
0.47
0.79
0.33
0.55
0.46
0.65
0.68
0.94
0.56
0.48
1.12
0.39
0.62
1.27
0.57
0.41
0.65
0.31
0.64
0.39
0.65
0.71
0.74
0.26
0.51
0.17
0.44
0.52
0.33
0.94
0.23
0.56
0.41
0.72
0.61
1.27
0.38
0.63
0.67
0.39
0.51
0.89
0.35
0.55
0.47
1.12
0.32
0.7
0.24
0.61
0.61
0.33
0.43
0.78
0.36
0.31
0.32
0.18
0.31
0.16
0.44
0.63
0.25
0.67
0.39
0.76
0.89
0.9
0.89
0.46
0.27
0.27
0.57
0.77
0.6
0.44
0.61
0.46
0.61
0.77
0.9
0.72
0.27
0.44
0.27
0.57
0.76
0.17
0.68
0.81
0.36
0.62
0.17
0.79
0.2
0.46
0.68
0.75
0.21
0.56
0.27
0.37
0.44
0.44
0.64
0.32
0.8
0.4
0.34
0.32
0.76
0.27
0.32
0.34
0.27
0.36
0.6
0.71
0.49
0.5
0.6
0.44
0.59
0.88
0.24
0.3
0.49
0.82
0.32
0.76
0.54
0.85
0.57
0.16
0.62
0.57
0.62
0.31
0.47
0.34
0.3
0.16
0.33
0.57
0.71
0.46
0.18
0.36
0.71
0.51
0.42
0.42
0.59
0.39
0.33
0.36
0.44
0.23
0.89
0.62
0.57
0.5
0.7
1.06
0.76
0.67
0.81
0.52
0.48
0.25
0.42
0.95
0.19
0.19
0.48
0.59
0.52
0.55
0.18
0.64
0.43
0.19
0.55
0.45
0.41
0.23
0.58
0.79
1.52
0.46
0.25
0.24
0.15
0.88
1.13
0.57
0.71
0.62
0.85
0.53
0.24
0.91
0.57
0.2
0.61
0.9
0.38
0.27
0.56
0.81
0.63
0.54
0.62
0.38
0.33
0.74
1.0
0.2
0.16
0.3
1.0
0.95
0.32
0.38
0.65
0.46
0.36
0.2
0.35
0.64
0.89
0.59
0.29
0.79
0.43
1.12
0.45
0.32
0.44
0.67
0.68
0.39
0.29
0.79
0.68
0.64
0.7
0.35
0.36
0.68
0.19
0.39
1.2
0.67
0.25
0.45
0.38
0.27
0.36
0.26
0.89
0.7
0.44
0.38
0.53
0.27
0.34
0.65
0.59
0.48
0.32
0.36
0.43
0.43
0.18
0.55
0.26
0.6
0.39
0.56
0.27
0.44
0.29
0.54
0.35
0.86
0.4
1.06
0.58
0.41
0.57
0.78
0.24
0.5
1.12
0.64
0.41
0.54
0.59
0.46
0.32
0.5
0.77
0.29
0.49
0.28
0.6
0.89
0.19
0.2
0.7
0.5
0.25
0.39
0.7
0.43
0.39
0.25
0.41
0.39
0.59
0.32
0.53
0.75
0.55
