39
30
37
61
50
21
37
22
54
46
51
57
44
32
48
22
55
22
62
52
56
44
38
35
30
59
49
23
28
20
37
43
28
23
37
39
43
19
84
26
61
24
22
18
20
59
17
21
46
20
27
25
34
61
38
22
32
23
29
24
61
15
54
18
56
38
32
20
20
26
51
12
33
43
25
26
24
32
18
32
31
20
27
40
19
79
35
53
52
25
31
26
35
51
38
44
62
21
59
34
35
26
80
50
20
31
59
30
32
23
45
29
62
70
21
15
28
51
25
48
17
58
35
48
44
34
46
16
39
52
24
34
45
31
35
44
41
88
25
61
54
29
28
46
36
28
55
22
41
23
19
17
36
27
16
62
29
15
28
64
20
59
28
49
17
21
34
43
57
58
32
21
52
18
47
41
41
25
23
15
52
30
27
28
41
18
31
38
55
16
34
20
50
33
31
51
51
23
36
35
38
60
55
61
36
27
53
27
28
25
19
20
18
26
41
26
30
22
30
32
28
24
33
22
21
18
49
32
26
28
29
90
22
16
61
29
90
19
46
26
19
24
58
25
49
30
25
32
28
59
20
30
50
56
25
55
50
58
51
36
25
17
39
40
25
25
39
16
87
30
57
17
38
21
35
20
28
105
26
28
29
55
32
29
56
56
39
28
31
41
60
39
21
41
40
31
39
36
60
33
25
44
19
29
30
40
20
17
17
27
21
21
23
59
52
19
58
69
31
22
29
31
95
28
42
58
33
29
32
57
33
19
21
26
44
42
80
17
15
37
17
26
20
32
68
22
23
46
28
20
39
51
36
21
27
37
26
45
45
27
14
51
56
54
16
20
34
52
23
41
53
70
40
36
18
37
63
28
35
17
31
38
41
27
25
33
63
24
22
28
20
37
53
25
58
23
15
27
55
31
45
45
53
23
19
23
25
37
40
63
68
20
17
29
59
70
35
56
45
29
57
30
28
36
71
25
31
28
26
22
53
18
52
29
14
18
59
32
16
25
32
35
27
50
59
40
22
38
37
47
40
19
58
46
23
24
44
28
20
35
38
72
44
57
22
34
36
20
38
