0.26
0.46
0.86
0.56
0.51
0.32
0.25
0.31
0.2
0.45
0.3
0.52
0.68
0.36
0.47
0.56
0.41
0.46
0.45
0.27
0.67
0.42
0.52
0.46
0.33
0.8
0.65
0.31
0.68
0.38
0.75
0.59
0.15
0.26
0.28
0.28
0.32
0.34
0.46
0.31
0.72
0.75
0.25
0.85
0.5
0.38
0.58
0.52
0.62
0.29
0.34
0.41
0.91
0.26
0.62
0.7
0.55
0.47
0.4
0.38
0.38
0.2
0.34
0.48
0.23
0.55
0.3
0.59
0.56
0.56
0.3
0.71
0.79
0.23
0.96
0.38
0.31
0.45
0.65
0.56
0.46
0.38
0.76
0.4
0.55
0.58
0.94
0.63
0.54
0.33
0.41
0.76
0.45
0.23
0.45
0.59
0.57
0.67
0.67
0.37
0.2
0.6
0.43
0.23
0.8
0.47
0.79
0.36
0.5
0.23
0.55
0.44
0.94
1.0
0.31
0.27
0.53
0.73
0.27
0.14
0.53
0.23
0.84
0.28
0.48
0.36
0.55
0.33
0.53
0.33
1.0
0.56
0.27
0.29
0.41
0.77
0.68
0.61
0.25
0.67
0.5
0.47
0.36
0.28
0.55
0.36
0.33
0.68
0.83
0.59
0.26
0.89
0.38
0.7
0.28
0.24
0.36
0.65
0.26
0.54
0.35
0.65
0.23
1.09
0.26
0.52
0.17
0.74
0.52
0.58
0.45
0.6
0.44
0.67
0.62
0.37
0.82
0.59
0.46
0.47
0.84
0.51
0.79
0.52
0.34
0.4
1.12
0.39
0.33
0.29
0.44
0.52
0.6
0.57
0.58
0.36
0.54
0.32
0.58
0.62
0.16
0.6
0.63
0.45
0.47
0.67
0.89
0.37
0.9
0.89
0.46
0.32
0.39
0.16
0.22
0.54
0.24
0.19
0.76
0.37
0.28
0.44
0.23
0.44
0.48
0.78
0.76
0.15
0.76
0.4
0.74
0.62
0.15
0.37
0.19
0.68
0.29
0.64
0.33
0.56
0.27
0.15
0.23
0.67
0.35
0.52
0.68
0.23
0.5
0.25
0.31
0.5
0.77
0.41
0.36
0.24
0.31
0.22
0.46
0.44
0.37
0.15
0.45
0.22
0.3
0.44
0.42
0.54
0.44
0.38
0.44
0.94
0.14
0.61
0.24
0.63
0.59
0.47
0.54
0.26
0.16
0.48
0.47
0.3
0.46
0.58
0.26
0.75
0.41
0.44
0.42
0.58
0.36
0.31
0.25
0.31
0.32
0.62
0.62
0.69
0.36
0.33
0.57
0.88
0.47
0.23
0.65
0.48
0.76
0.4
0.71
0.23
0.19
0.73
0.28
0.53
0.5
0.54
0.59
0.31
0.23
0.46
0.3
0.29
0.23
0.5
0.67
0.62
0.46
0.36
0.16
0.55
0.41
0.53
0.61
0.53
0.68
0.6
0.22
0.91
0.52
0.2
0.34
0.77
0.54
0.29
0.24
0.73
0.63
0.33
0.56
0.62
0.31
0.64
0.59
0.22
0.47
0.24
0.32
0.77
0.31
0.33
0.58
0.46
0.16
0.3
0.43
0.67
0.56
0.51
0.94
0.38
0.39
0.75
0.36
0.39
0.48
0.24
0.68
0.33
0.36
0.48
0.68
0.59
0.75
0.33
0.3
0.7
0.23
0.75
0.76
0.61
0.67
0.45
0.34
0.43
0.52
0.2
0.68
0.22
0.44
0.31
0.39
0.23
0.28
0.65
0.17
0.29
0.26
0.68
0.56
0.46
0.15
0.8
0.69
0.4
0.67
0.59
0.28
0.56
0.29
0.54
0.3
0.86
0.55
1.06
0.41
0.37
0.53
0.78
0.26
0.48
0.71
0.27
0.41
0.47
0.48
0.46
0.2
0.36
0.74
0.27
0.68
0.48
0.5
0.68
0.94
0.62
0.3
0.33
0.15
0.31
0.79
0.56
0.33
0.94
0.33
0.36
0.62
0.86
0.16
0.41
0.59
0.33
0.78
