15
19
19
19
21
18
7
22
10
10
10
12
15
19
14
14
24
19
10
9
12
13
26
12
12
16
13
23
15
11
18
20
9
11
16
24
12
21
11
11
13
18
15
17
12
18
14
13
18
10
21
11
20
15
15
16
11
24
18
12
8
9
12
16
14
12
8
13
14
19
11
22
19
14
24
8
11
14
17
15
19
24
16
21
21
15
15
12
14
13
18
19
15
11
10
13
13
14
12
11
10
12
19
14
16
15
19
13
15
14
29
11
17
28
19
17
20
16
21
8
20
14
16
26
22
14
16
21
18
14
15
19
9
11
17
20
15
14
16
12
13
17
23
16
12
16
12
13
15
17
8
17
24
16
10
10
24
13
10
15
18
11
11
24
11
15
10
14
11
15
13
12
12
12
16
19
14
10
13
15
21
21
15
15
12
23
18
16
16
15
11
12
15
12
18
13
15
12
15
13
10
12
17
26
15
12
16
16
18
16
12
12
13
7
15
13
17
11
16
11
11
12
14
14
24
21
22
14
19
19
14
18
14
21
13
15
17
16
18
14
13
8
14
14
25
26
15
8
10
15
17
10
17
18
13
15
16
11
19
11
11
9
14
22
9
26
20
13
11
25
11
16
13
14
10
19
17
15
19
15
9
15
14
18
19
15
11
15
18
14
13
15
19
19
9
15
12
23
18
18
12
13
27
14
15
14
11
11
19
21
17
10
13
16
16
18
16
15
17
17
10
16
9
16
11
15
12
21
12
12
10
16
13
20
11
20
15
21
13
20
12
9
20
17
20
21
19
16
17
18
15
8
14
16
20
22
19
11
11
17
17
16
14
19
9
16
19
16
14
20
16
24
16
15
16
13
12
19
17
16
17
14
15
17
15
18
16
14
10
18
13
17
18
14
16
13
12
10
15
11
11
11
13
15
20
13
9
11
20
15
19
19
9
16
24
21
12
17
16
14
9
15
8
19
12
19
24
11
8
14
15
20
15
9
13
18
14
23
13
12
17
9
13
12
20
15
16
15
24
22
14
11
15
19
10
15
13
13
18
19
9
19
23
16
14
